999	144	107	162	13	120	51	161	106	164	150	103	101	163	114	0	107	120	103	163	999	144	86	162	10	120	47	161	106	164	150	103	101	163	114	0	86	120	103	163	999	144	185	162	10	120	49	161	106	164	150	103	101	163	114	0	185	120	103	163	999	144	117	162	10	120	47	161	106	164	150	103	101	163	114	0	117	120	103	163	999	144	81	162	12	120	54	161	106	164	150	103	101	163	114	0	81	120	103	163	999	144	82	162	11	120	47	161	106	164	150	103	101	163	114	0	82	120	103	163	999	144	109	162	14	120	72	161	106	164	150	103	101	163	114	0	109	120	103	163	999	144	78	162	11	120	49	161	106	164	150	103	101	163	114	0	78	120	103	163	999	144	103	162	12	120	48	161	106	164	150	103	101	163	114	0	103	120	103	163	999	144	92	162	10	120	53	161	106	164	150	103	101	163	114	0	92	120	103	163
144	999	103	18	135	51	119	117	79	21	95	146	50	137	77	144	103	51	146	137	144	999	103	22	135	51	119	117	79	26	95	146	55	137	77	144	103	51	146	137	144	999	103	19	135	51	119	117	79	22	95	146	50	137	77	144	103	51	146	137	144	999	103	21	135	51	119	117	79	21	95	146	45	137	77	144	103	51	146	137	144	999	103	21	135	51	119	117	79	23	95	146	52	137	77	144	103	51	146	137	144	999	103	20	135	51	119	117	79	25	95	146	49	137	77	144	103	51	146	137	144	999	103	18	135	51	119	117	79	24	95	146	49	137	77	144	103	51	146	137	144	999	103	22	135	51	119	117	79	22	95	146	54	137	77	144	103	51	146	137	144	999	103	22	135	51	119	117	79	22	95	146	56	137	77	144	103	51	146	137	144	999	103	42	135	51	119	117	79	41	95	146	100	137	77	144	103	51	146	137
107	103	999	121	64	60	88	87	53	125	76	79	61	90	120	107	0	60	79	90	86	103	999	121	64	60	88	87	38	125	76	58	61	90	120	86	0	60	58	90	185	103	999	121	64	60	88	87	60	125	76	91	61	90	120	185	0	60	91	90	117	103	999	121	64	60	88	87	88	125	76	67	61	90	120	117	0	60	67	90	81	103	999	121	64	60	88	87	41	125	76	57	61	90	120	81	0	60	57	90	82	103	999	121	64	60	88	87	45	125	76	61	61	90	120	82	0	60	61	90	109	103	999	121	64	60	88	87	37	125	76	55	61	90	120	109	0	60	55	90	78	103	999	121	64	60	88	87	37	125	76	59	61	90	120	78	0	60	59	90	103	103	999	121	64	60	88	87	49	125	76	75	61	90	120	103	0	60	75	90	92	103	999	121	64	60	88	87	39	125	76	56	61	90	120	92	0	60	56	90
162	18	121	999	154	66	135	127	95	4	105	163	63	148	86	162	121	66	163	148	162	22	121	999	154	66	135	127	95	5	105	163	63	148	86	162	121	66	163	148	162	19	121	999	154	66	135	127	95	4	105	163	63	148	86	162	121	66	163	148	162	21	121	999	154	66	135	127	95	4	105	163	63	148	86	162	121	66	163	148	162	21	121	999	154	66	135	127	95	4	105	163	63	148	86	162	121	66	163	148	162	20	121	999	154	66	135	127	95	5	105	163	63	148	86	162	121	66	163	148	162	18	121	999	154	66	135	127	95	4	105	163	63	148	86	162	121	66	163	148	162	22	121	999	154	66	135	127	95	4	105	163	63	148	86	162	121	66	163	148	162	22	121	999	154	66	135	127	95	5	105	163	63	148	86	162	121	66	163	148	162	42	121	999	154	66	135	127	95	7	105	163	63	148	86	162	121	66	163	148
13	135	64	154	999	110	68	151	96	156	140	95	92	153	110	13	64	110	95	153	10	135	64	154	999	110	54	151	96	156	140	95	92	153	110	10	64	110	95	153	10	135	64	154	999	110	53	151	96	156	140	95	92	153	110	10	64	110	95	153	10	135	64	154	999	110	49	151	96	156	140	95	92	153	110	10	64	110	95	153	12	135	64	154	999	110	53	151	96	156	140	95	92	153	110	12	64	110	95	153	11	135	64	154	999	110	55	151	96	156	140	95	92	153	110	11	64	110	95	153	14	135	64	154	999	110	64	151	96	156	140	95	92	153	110	14	64	110	95	153	11	135	64	154	999	110	48	151	96	156	140	95	92	153	110	11	64	110	95	153	12	135	64	154	999	110	46	151	96	156	140	95	92	153	110	12	64	110	95	153	10	135	64	154	999	110	47	151	96	156	140	95	92	153	110	10	64	110	95	153
120	51	60	66	110	999	111	79	28	70	51	96	38	90	102	120	60	0	96	90	120	51	60	66	110	999	111	89	28	70	51	96	37	90	102	120	60	0	96	90	120	51	60	66	110	999	111	78	28	70	51	96	35	90	102	120	60	0	96	90	120	51	60	66	110	999	111	81	28	70	51	96	32	90	102	120	60	0	96	90	120	51	60	66	110	999	111	114	28	70	51	96	39	90	102	120	60	0	96	90	120	51	60	66	110	999	111	87	28	70	51	96	33	90	102	120	60	0	96	90	120	51	60	66	110	999	111	86	28	70	51	96	33	90	102	120	60	0	96	90	120	51	60	66	110	999	111	94	28	70	51	96	33	90	102	120	60	0	96	90	120	51	60	66	110	999	111	99	28	70	51	96	39	90	102	120	60	0	96	90	120	51	60	66	110	999	111	78	28	70	51	96	37	90	102	120	60	0	96	90
51	119	88	135	68	111	999	170	109	136	154	131	84	178	81	51	88	111	131	178	47	119	88	135	54	111	999	170	109	136	154	131	84	178	104	47	88	111	131	178	49	119	88	135	53	111	999	170	109	136	154	131	84	178	84	49	88	111	131	178	47	119	88	135	49	111	999	170	109	136	154	131	84	178	85	47	88	111	131	178	54	119	88	135	53	111	999	170	109	136	154	131	84	178	77	54	88	111	131	178	47	119	88	135	55	111	999	170	109	136	154	131	84	178	75	47	88	111	131	178	72	119	88	135	64	111	999	170	109	136	154	131	84	178	77	72	88	111	131	178	49	119	88	135	48	111	999	170	109	136	154	131	84	178	74	49	88	111	131	178	48	119	88	135	46	111	999	170	109	136	154	131	84	178	74	48	88	111	131	178	53	119	88	135	47	111	999	170	109	136	154	131	84	178	88	53	88	111	131	178
161	117	87	127	151	79	170	999	61	131	26	110	103	24	175	161	87	79	110	24	161	117	87	127	151	89	170	999	61	131	26	94	103	27	175	161	87	89	94	27	161	117	87	127	151	78	170	999	61	131	22	131	103	25	175	161	87	78	131	25	161	117	87	127	151	81	170	999	61	131	22	85	103	23	175	161	87	81	85	23	161	117	87	127	151	114	170	999	61	131	27	99	103	23	175	161	87	114	99	23	161	117	87	127	151	87	170	999	61	131	24	94	103	24	175	161	87	87	94	24	161	117	87	127	151	86	170	999	61	131	27	102	103	26	175	161	87	86	102	26	161	117	87	127	151	94	170	999	61	131	33	126	103	49	175	161	87	94	126	49	161	117	87	127	151	99	170	999	61	131	22	93	103	25	175	161	87	99	93	25	161	117	87	127	151	78	170	999	61	131	23	85	103	23	175	161	87	78	85	23
106	79	53	95	96	28	109	61	999	99	45	99	47	72	118	106	53	28	99	72	106	79	38	95	96	28	109	61	999	99	45	80	47	72	118	106	38	28	80	72	106	79	60	95	96	28	109	61	999	99	45	85	47	72	118	106	60	28	85	72	106	79	88	95	96	28	109	61	999	99	45	152	47	72	118	106	88	28	152	72	106	79	41	95	96	28	109	61	999	99	45	72	47	72	118	106	41	28	72	72	106	79	45	95	96	28	109	61	999	99	45	81	47	72	118	106	45	28	81	72	106	79	37	95	96	28	109	61	999	99	45	76	47	72	118	106	37	28	76	72	106	79	37	95	96	28	109	61	999	99	45	70	47	72	118	106	37	28	70	72	106	79	49	95	96	28	109	61	999	99	45	100	47	72	118	106	49	28	100	72	106	79	39	95	96	28	109	61	999	99	45	74	47	72	118	106	39	28	74	72
164	21	125	4	156	70	136	131	99	999	109	167	66	152	85	164	125	70	167	152	164	26	125	5	156	70	136	131	99	999	109	167	66	152	85	164	125	70	167	152	164	22	125	4	156	70	136	131	99	999	109	167	66	152	85	164	125	70	167	152	164	21	125	4	156	70	136	131	99	999	109	167	66	152	85	164	125	70	167	152	164	23	125	4	156	70	136	131	99	999	109	167	66	152	85	164	125	70	167	152	164	25	125	5	156	70	136	131	99	999	109	167	66	152	85	164	125	70	167	152	164	24	125	4	156	70	136	131	99	999	109	167	66	152	85	164	125	70	167	152	164	22	125	4	156	70	136	131	99	999	109	167	66	152	85	164	125	70	167	152	164	22	125	5	156	70	136	131	99	999	109	167	66	152	85	164	125	70	167	152	164	41	125	7	156	70	136	131	99	999	109	167	66	152	85	164	125	70	167	152
150	95	76	105	140	51	154	26	45	109	999	84	82	45	154	150	76	51	84	45	150	95	76	105	140	51	154	26	45	109	999	84	82	46	154	150	76	51	84	46	150	95	76	105	140	51	154	22	45	109	999	84	82	49	154	150	76	51	84	49	150	95	76	105	140	51	154	22	45	109	999	84	82	51	154	150	76	51	84	51	150	95	76	105	140	51	154	27	45	109	999	84	82	49	154	150	76	51	84	49	150	95	76	105	140	51	154	24	45	109	999	84	82	47	154	150	76	51	84	47	150	95	76	105	140	51	154	27	45	109	999	84	82	47	154	150	76	51	84	47	150	95	76	105	140	51	154	33	45	109	999	84	82	72	154	150	76	51	84	72	150	95	76	105	140	51	154	22	45	109	999	84	82	45	154	150	76	51	84	45	150	95	76	105	140	51	154	23	45	109	999	84	82	52	154	150	76	51	84	52
103	146	79	163	95	96	131	110	99	167	84	999	108	72	170	103	79	96	0	72	103	146	58	163	95	96	131	94	80	167	84	999	108	72	170	103	58	96	0	72	103	146	91	163	95	96	131	131	85	167	84	999	108	72	170	103	91	96	0	72	103	146	67	163	95	96	131	85	152	167	84	999	108	72	170	103	67	96	0	72	103	146	57	163	95	96	131	99	72	167	84	999	108	72	170	103	57	96	0	72	103	146	61	163	95	96	131	94	81	167	84	999	108	72	170	103	61	96	0	72	103	146	55	163	95	96	131	102	76	167	84	999	108	72	170	103	55	96	0	72	103	146	59	163	95	96	131	126	70	167	84	999	108	72	170	103	59	96	0	72	103	146	75	163	95	96	131	93	100	167	84	999	108	72	170	103	75	96	0	72	103	146	56	163	95	96	131	85	74	167	84	999	108	72	170	103	56	96	0	72
101	50	61	63	92	38	84	103	47	66	82	108	999	118	72	101	61	38	108	118	101	55	61	63	92	37	84	103	47	66	82	108	999	118	72	101	61	37	108	118	101	50	61	63	92	35	84	103	47	66	82	108	999	118	72	101	61	35	108	118	101	45	61	63	92	32	84	103	47	66	82	108	999	118	72	101	61	32	108	118	101	52	61	63	92	39	84	103	47	66	82	108	999	118	72	101	61	39	108	118	101	49	61	63	92	33	84	103	47	66	82	108	999	118	72	101	61	33	108	118	101	49	61	63	92	33	84	103	47	66	82	108	999	118	72	101	61	33	108	118	101	54	61	63	92	33	84	103	47	66	82	108	999	118	72	101	61	33	108	118	101	56	61	63	92	39	84	103	47	66	82	108	999	118	72	101	61	39	108	118	101	100	61	63	92	37	84	103	47	66	82	108	999	118	72	101	61	37	108	118
163	137	90	148	153	90	178	24	72	152	45	72	118	999	190	163	90	90	72	0	163	137	90	148	153	90	178	27	72	152	46	72	118	999	190	163	90	90	72	0	163	137	90	148	153	90	178	25	72	152	49	72	118	999	190	163	90	90	72	0	163	137	90	148	153	90	178	23	72	152	51	72	118	999	190	163	90	90	72	0	163	137	90	148	153	90	178	23	72	152	49	72	118	999	190	163	90	90	72	0	163	137	90	148	153	90	178	24	72	152	47	72	118	999	190	163	90	90	72	0	163	137	90	148	153	90	178	26	72	152	47	72	118	999	190	163	90	90	72	0	163	137	90	148	153	90	178	49	72	152	72	72	118	999	190	163	90	90	72	0	163	137	90	148	153	90	178	25	72	152	45	72	118	999	190	163	90	90	72	0	163	137	90	148	153	90	178	23	72	152	52	72	118	999	190	163	90	90	72	0
114	77	120	86	110	102	81	175	118	85	154	170	72	190	999	114	120	102	170	190	114	77	120	86	110	102	104	175	118	85	154	170	72	190	999	114	120	102	170	190	114	77	120	86	110	102	84	175	118	85	154	170	72	190	999	114	120	102	170	190	114	77	120	86	110	102	85	175	118	85	154	170	72	190	999	114	120	102	170	190	114	77	120	86	110	102	77	175	118	85	154	170	72	190	999	114	120	102	170	190	114	77	120	86	110	102	75	175	118	85	154	170	72	190	999	114	120	102	170	190	114	77	120	86	110	102	77	175	118	85	154	170	72	190	999	114	120	102	170	190	114	77	120	86	110	102	74	175	118	85	154	170	72	190	999	114	120	102	170	190	114	77	120	86	110	102	74	175	118	85	154	170	72	190	999	114	120	102	170	190	114	77	120	86	110	102	88	175	118	85	154	170	72	190	999	114	120	102	170	190
0	144	107	162	13	120	51	161	106	164	150	103	101	163	114	999	999	999	999	999	0	144	86	162	10	120	47	161	106	164	150	103	101	163	114	999	999	999	999	999	0	144	185	162	10	120	49	161	106	164	150	103	101	163	114	999	999	999	999	999	0	144	117	162	10	120	47	161	106	164	150	103	101	163	114	999	999	999	999	999	0	144	81	162	12	120	54	161	106	164	150	103	101	163	114	999	999	999	999	999	0	144	82	162	11	120	47	161	106	164	150	103	101	163	114	999	999	999	999	999	0	144	109	162	14	120	72	161	106	164	150	103	101	163	114	999	999	999	999	999	0	144	78	162	11	120	49	161	106	164	150	103	101	163	114	999	999	999	999	999	0	144	103	162	12	120	48	161	106	164	150	103	101	163	114	999	999	999	999	999	0	144	92	162	10	120	53	161	106	164	150	103	101	163	114	999	999	999	999	999
107	103	0	121	64	60	88	87	53	125	76	79	61	90	120	999	999	999	999	999	86	103	0	121	64	60	88	87	38	125	76	58	61	90	120	999	999	999	999	999	185	103	0	121	64	60	88	87	60	125	76	91	61	90	120	999	999	999	999	999	117	103	0	121	64	60	88	87	88	125	76	67	61	90	120	999	999	999	999	999	81	103	0	121	64	60	88	87	41	125	76	57	61	90	120	999	999	999	999	999	82	103	0	121	64	60	88	87	45	125	76	61	61	90	120	999	999	999	999	999	109	103	0	121	64	60	88	87	37	125	76	55	61	90	120	999	999	999	999	999	78	103	0	121	64	60	88	87	37	125	76	59	61	90	120	999	999	999	999	999	103	103	0	121	64	60	88	87	49	125	76	75	61	90	120	999	999	999	999	999	92	103	0	121	64	60	88	87	39	125	76	56	61	90	120	999	999	999	999	999
120	51	60	66	110	0	111	79	28	70	51	96	38	90	102	999	999	999	999	999	120	51	60	66	110	0	111	89	28	70	51	96	37	90	102	999	999	999	999	999	120	51	60	66	110	0	111	78	28	70	51	96	35	90	102	999	999	999	999	999	120	51	60	66	110	0	111	81	28	70	51	96	32	90	102	999	999	999	999	999	120	51	60	66	110	0	111	114	28	70	51	96	39	90	102	999	999	999	999	999	120	51	60	66	110	0	111	87	28	70	51	96	33	90	102	999	999	999	999	999	120	51	60	66	110	0	111	86	28	70	51	96	33	90	102	999	999	999	999	999	120	51	60	66	110	0	111	94	28	70	51	96	33	90	102	999	999	999	999	999	120	51	60	66	110	0	111	99	28	70	51	96	39	90	102	999	999	999	999	999	120	51	60	66	110	0	111	78	28	70	51	96	37	90	102	999	999	999	999	999
103	146	79	163	95	96	131	110	99	167	84	0	108	72	170	999	999	999	999	999	103	146	58	163	95	96	131	94	80	167	84	0	108	72	170	999	999	999	999	999	103	146	91	163	95	96	131	131	85	167	84	0	108	72	170	999	999	999	999	999	103	146	67	163	95	96	131	85	152	167	84	0	108	72	170	999	999	999	999	999	103	146	57	163	95	96	131	99	72	167	84	0	108	72	170	999	999	999	999	999	103	146	61	163	95	96	131	94	81	167	84	0	108	72	170	999	999	999	999	999	103	146	55	163	95	96	131	102	76	167	84	0	108	72	170	999	999	999	999	999	103	146	59	163	95	96	131	126	70	167	84	0	108	72	170	999	999	999	999	999	103	146	75	163	95	96	131	93	100	167	84	0	108	72	170	999	999	999	999	999	103	146	56	163	95	96	131	85	74	167	84	0	108	72	170	999	999	999	999	999
163	137	90	148	153	90	178	24	72	152	45	72	118	0	190	999	999	999	999	999	163	137	90	148	153	90	178	27	72	152	46	72	118	0	190	999	999	999	999	999	163	137	90	148	153	90	178	25	72	152	49	72	118	0	190	999	999	999	999	999	163	137	90	148	153	90	178	23	72	152	51	72	118	0	190	999	999	999	999	999	163	137	90	148	153	90	178	23	72	152	49	72	118	0	190	999	999	999	999	999	163	137	90	148	153	90	178	24	72	152	47	72	118	0	190	999	999	999	999	999	163	137	90	148	153	90	178	26	72	152	47	72	118	0	190	999	999	999	999	999	163	137	90	148	153	90	178	49	72	152	72	72	118	0	190	999	999	999	999	999	163	137	90	148	153	90	178	25	72	152	45	72	118	0	190	999	999	999	999	999	163	137	90	148	153	90	178	23	72	152	52	72	118	0	190	999	999	999	999	999
